验证集训练集差异性：
2    0.456221
0    0.350230
1    0.193548
Name: tar, dtype: float64
2    0.548387
0    0.258065
1    0.193548
Name: tar, dtype: float64
==================================================================================
gen|  eval  |    f_opt    |    f_max    |    f_avg    |    f_min    |    f_std    
----------------------------------------------------------------------------------
 0 |   50   | 4.58929E-01 | 4.58929E-01 | 4.58929E-01 | 4.58929E-01 | 0.00000E+00 
 1 |  100   | 4.58929E-01 | 4.58929E-01 | 4.58929E-01 | 4.58929E-01 | 0.00000E+00 
 2 |  150   | 4.58929E-01 | 4.58929E-01 | 4.58929E-01 | 4.58929E-01 | 0.00000E+00 
 3 |  200   | 9.95238E-01 | 9.95238E-01 | 4.69655E-01 | 4.58929E-01 | 7.50833E-02 
 4 |  250   | 9.95238E-01 | 9.95238E-01 | 5.12560E-01 | 4.58929E-01 | 1.60893E-01 
 5 |  300   | 9.95238E-01 | 9.95238E-01 | 5.87548E-01 | 4.58929E-01 | 2.28880E-01 
 6 |  350   | 9.95238E-01 | 9.95238E-01 | 7.27083E-01 | 4.58929E-01 | 2.68155E-01 
 7 |  400   | 9.95238E-01 | 9.95238E-01 | 9.70250E-01 | 4.58929E-01 | 1.00727E-01 
 8 |  450   | 9.95238E-01 | 9.95238E-01 | 9.37976E-01 | 4.58929E-01 | 1.57534E-01 
 9 |  500   | 9.95238E-01 | 9.95238E-01 | 9.29583E-01 | 4.58929E-01 | 1.73974E-01 
 10|  550   | 9.95238E-01 | 9.95238E-01 | 9.60476E-01 | 4.58929E-01 | 1.27142E-01 
 11|  600   | 9.95238E-01 | 9.95238E-01 | 9.90071E-01 | 9.39881E-01 | 1.43122E-02 
评价次数：600
时间已过 34.04296588897705 秒
最优的目标函数值为：0.9952380952380953
最优的控制变量值为：
204.21197187528014
0.00390625
测试集数据分类正确率 = 100.0%
验证集查准率: 100.00%
验证集查全率: 100.00%
验证集F1值: 100.00%
混淆矩阵:
[[24  0  0]
 [ 0 18  0]
 [ 0  0 51]]
分类报告:
              precision    recall  f1-score   support

           0       1.00      1.00      1.00        24
           1       1.00      1.00      1.00        18
           2       1.00      1.00      1.00        51

    accuracy                           1.00        93
   macro avg       1.00      1.00      1.00        93
weighted avg       1.00      1.00      1.00        93