==================================================================================
gen|  eval  |    f_opt    |    f_max    |    f_avg    |    f_min    |    f_std
----------------------------------------------------------------------------------
 0 |   50   | 1.06581E-01 | 1.06581E-01 | 9.57402E-02 | 9.54704E-02 | 1.56016E-03
 1 |  100   | 9.83314E-01 | 9.83314E-01 | 1.14005E-01 | 9.54704E-02 | 1.24221E-01
 2 |  150   | 9.83314E-01 | 9.83314E-01 | 1.48963E-01 | 9.54704E-02 | 2.10801E-01
 3 |  200   | 9.83314E-01 | 9.83314E-01 | 2.37445E-01 | 9.54704E-02 | 3.25263E-01
 4 |  250   | 9.83314E-01 | 9.83314E-01 | 3.51703E-01 | 9.54704E-02 | 3.96468E-01
 5 |  300   | 9.83314E-01 | 9.83314E-01 | 3.87943E-01 | 9.54704E-02 | 4.09675E-01
 6 |  350   | 9.83314E-01 | 9.83314E-01 | 5.24902E-01 | 9.54704E-02 | 4.36816E-01
 7 |  400   | 9.83314E-01 | 9.83314E-01 | 8.92352E-01 | 9.54704E-02 | 2.52824E-01
 8 |  450   | 9.83314E-01 | 9.83314E-01 | 9.00566E-01 | 9.62640E-02 | 2.41272E-01 
 9 |  500   | 9.83314E-01 | 9.83314E-01 | 9.51082E-01 | 9.54704E-02 | 1.31613E-01 
 10|  550   | 9.83314E-01 | 9.83314E-01 | 8.60785E-01 | 9.54704E-02 | 2.85155E-01 
 11|  600   | 9.83314E-01 | 9.83314E-01 | 8.34142E-01 | 9.54704E-02 | 3.21899E-01 
评价次数：600
时间已过 1508.0274670124054 秒
最优的目标函数值为：0.9833139759969028
最优的控制变量值为：
247.41419351100922
0.00390625
测试集数据分类正确率 = 100.0%
验证集查准率: 100.00%
验证集查全率: 100.00%
验证集F1值: 100.00%
混淆矩阵:
[[125   0   0   0   0   0   0   0   0   0]
 [  0 132   0   0   0   0   0   0   0   0]
 [  0   0 130   0   0   0   0   0   0   0]
 [  0   0   0 129   0   0   0   0   0   0]
 [  0   0   0   0 121   0   0   0   0   0]
 [  0   0   0   0   0 116   0   0   0   0]
 [  0   0   0   0   0   0 128   0   0   0]
 [  0   0   0   0   0   0   0 124   0   0]
 [  0   0   0   0   0   0   0   0 131   0]
 [  0   0   0   0   0   0   0   0   0 121]]
分类报告:
              precision    recall  f1-score   support

           0       1.00      1.00      1.00       125
           1       1.00      1.00      1.00       132
           2       1.00      1.00      1.00       130
           3       1.00      1.00      1.00       129
           4       1.00      1.00      1.00       121
           5       1.00      1.00      1.00       116
           6       1.00      1.00      1.00       128
           7       1.00      1.00      1.00       124
           8       1.00      1.00      1.00       131
           9       1.00      1.00      1.00       121

    accuracy                           1.00      1257
   macro avg       1.00      1.00      1.00      1257
weighted avg       1.00      1.00      1.00      1257
