验证集训练集差异性：
1    0.64977
0    0.35023
Name: tar, dtype: float64
1    0.741935
0    0.258065
Name: tar, dtype: float64
==================================================================================
gen|  eval  |    f_opt    |    f_max    |    f_avg    |    f_min    |    f_std
----------------------------------------------------------------------------------
 0 |   50   | 6.50595E-01 | 6.50595E-01 | 6.50595E-01 | 6.50595E-01 | 0.00000E+00
 1 |  100   | 1.00000E+00 | 1.00000E+00 | 6.57583E-01 | 6.50595E-01 | 4.89167E-02 
 2 |  150   | 1.00000E+00 | 1.00000E+00 | 6.71464E-01 | 6.50595E-01 | 8.26039E-02 
 3 |  200   | 1.00000E+00 | 1.00000E+00 | 6.85440E-01 | 6.50595E-01 | 1.04537E-01 
 4 |  250   | 1.00000E+00 | 1.00000E+00 | 7.26917E-01 | 6.50595E-01 | 1.43756E-01 
 5 |  300   | 1.00000E+00 | 1.00000E+00 | 7.67750E-01 | 6.50595E-01 | 1.63341E-01 
 6 |  350   | 1.00000E+00 | 1.00000E+00 | 8.77917E-01 | 6.50595E-01 | 1.63446E-01 
 7 |  400   | 1.00000E+00 | 1.00000E+00 | 9.75750E-01 | 6.50595E-01 | 8.27490E-02 
 8 |  450   | 1.00000E+00 | 1.00000E+00 | 9.60679E-01 | 6.50595E-01 | 1.03903E-01 
 9 |  500   | 1.00000E+00 | 1.00000E+00 | 9.83024E-01 | 6.50595E-01 | 6.85079E-02 
 10|  550   | 1.00000E+00 | 1.00000E+00 | 9.29393E-01 | 6.50595E-01 | 1.38186E-01 
 11|  600   | 1.00000E+00 | 1.00000E+00 | 9.46333E-01 | 6.50595E-01 | 1.18346E-01 
评价次数：600
时间已过 30.175064086914062 秒
最优的目标函数值为：1.0
最优的控制变量值为：
135.31434154510498
0.00390625
测试集数据分类正确率 = 100.0%
验证集查准率: 100.00%
验证集查全率: 100.00%
验证集F1值: 100.00%