验证集训练集差异性：
5    0.208633
2    0.198561
1    0.182734
4    0.142446
6    0.141007
3    0.126619
Name: tar, dtype: float64
5    0.216723
2    0.210972
1    0.184487
4    0.139009
6    0.131290
3    0.117518
Name: tar, dtype: float64
==================================================================================
gen|  eval  |    f_opt    |    f_max    |    f_avg    |    f_min    |    f_std    
----------------------------------------------------------------------------------
 0 |   50   | 9.74215E-01 | 9.74215E-01 | 7.65808E-01 | 6.61775E-01 | 8.47235E-02 
 1 |  100   | 9.74215E-01 | 9.74215E-01 | 7.82943E-01 | 2.08635E-01 | 1.21709E-01 
 2 |  150   | 9.74215E-01 | 9.74215E-01 | 7.64341E-01 | 2.08635E-01 | 1.42324E-01 
 3 |  200   | 9.74275E-01 | 9.74275E-01 | 8.13611E-01 | 6.60326E-01 | 8.92694E-02 
 4 |  250   | 9.74275E-01 | 9.74275E-01 | 8.83663E-01 | 7.32548E-01 | 7.41918E-02 
 5 |  300   | 9.77174E-01 | 9.77174E-01 | 8.96091E-01 | 2.08635E-01 | 1.15274E-01 
 6 |  350   | 9.77174E-01 | 9.75725E-01 | 9.05279E-01 | 5.86836E-01 | 7.27463E-02 
 7 |  400   | 9.77174E-01 | 9.75725E-01 | 9.15667E-01 | 7.05012E-01 | 5.51326E-02 
 8 |  450   | 9.77174E-01 | 9.77114E-01 | 9.30570E-01 | 8.21981E-01 | 3.73912E-02 
 9 |  500   | 9.78563E-01 | 9.78563E-01 | 9.32746E-01 | 7.09360E-01 | 4.14392E-02 
 10|  550   | 9.78563E-01 | 9.78563E-01 | 9.25806E-01 | 7.35386E-01 | 4.85870E-02 
 11|  600   | 9.78563E-01 | 9.74275E-01 | 9.34233E-01 | 8.21981E-01 | 2.85112E-02 
 12|  650   | 9.78563E-01 | 9.74275E-01 | 9.31943E-01 | 6.82065E-01 | 4.39173E-02 
 13|  700   | 9.78563E-01 | 9.74275E-01 | 9.33545E-01 | 8.18659E-01 | 3.96679E-02 
 14|  750   | 9.78563E-01 | 9.74275E-01 | 9.37030E-01 | 7.39734E-01 | 4.44621E-02 
 15|  800   | 9.78563E-01 | 9.75725E-01 | 9.02665E-01 | 2.08635E-01 | 1.19352E-01 
 16|  850   | 9.78563E-01 | 9.75725E-01 | 8.87860E-01 | 2.08635E-01 | 1.51423E-01 
 17|  900   | 9.78563E-01 | 9.77174E-01 | 8.87418E-01 | 2.08635E-01 | 1.52284E-01 
 18|  950   | 9.78563E-01 | 9.77174E-01 | 9.06812E-01 | 7.39734E-01 | 6.53772E-02 
 19|  1000  | 9.78563E-01 | 9.74215E-01 | 8.99761E-01 | 2.08635E-01 | 1.20832E-01 
 20|  1050  | 9.78563E-01 | 9.71377E-01 | 9.02320E-01 | 2.08635E-01 | 1.18109E-01 
 21|  1100  | 9.78563E-01 | 9.71377E-01 | 8.62443E-01 | 2.08635E-01 | 1.76612E-01 
 22|  1150  | 9.78563E-01 | 9.72766E-01 | 9.06797E-01 | 7.02597E-01 | 6.97967E-02 
 23|  1200  | 9.80012E-01 | 9.80012E-01 | 9.22505E-01 | 7.29650E-01 | 5.28742E-02 
 24|  1250  | 9.80012E-01 | 9.80012E-01 | 9.24052E-01 | 8.06099E-01 | 4.91051E-02 
 25|  1300  | 9.80012E-01 | 9.79952E-01 | 9.20430E-01 | 8.18659E-01 | 4.78407E-02 
 26|  1350  | 9.80012E-01 | 9.79952E-01 | 9.03758E-01 | 2.08635E-01 | 1.50861E-01 
 27|  1400  | 9.80012E-01 | 9.78563E-01 | 9.09437E-01 | 2.08635E-01 | 1.48833E-01 
 28|  1450  | 9.80012E-01 | 9.80012E-01 | 9.09771E-01 | 4.43599E-01 | 9.22807E-02 
 29|  1500  | 9.80012E-01 | 9.80012E-01 | 9.17089E-01 | 7.29650E-01 | 7.04699E-02 
评价次数：1500
时间已过 796.0640780925751 秒
最优的目标函数值为：0.980012077294686
最优的控制变量值为：
214.37392618879676
0.2543907091021538
测试集数据分类正确率 = 97.75255391600453%
验证集查准率: 97.84%
验证集查全率: 97.58%
验证集F1值: 97.70%
混淆矩阵:
[[2380   25    0   18   15    0]
 [   6 2756   16    5    4    1]
 [   1   38 1483    5   23    3]
 [   4    4    0 1789   28   12]
 [  22   13    6    7 2810    6]
 [   4    0    0   25    6 1700]]
分类报告:
              precision    recall  f1-score   support

           1       0.98      0.98      0.98      2438
           2       0.97      0.99      0.98      2788
           3       0.99      0.95      0.97      1553
           4       0.97      0.97      0.97      1837
           5       0.97      0.98      0.98      2864
           6       0.99      0.98      0.98      1735

    accuracy                           0.98     13215
   macro avg       0.98      0.98      0.98     13215
weighted avg       0.98      0.98      0.98     13215