验证集训练集差异性：
0    0.625628
1    0.374372
Name: diagnosis, dtype: float64
0    0.631579
1    0.368421
Name: diagnosis, dtype: float64
==================================================================================
gen|  eval  |    f_opt    |    f_max    |    f_avg    |    f_min    |    f_std
----------------------------------------------------------------------------------
 0 |   50   | 9.74542E-01 | 9.74542E-01 | 6.69073E-01 | 6.25275E-01 | 1.05095E-01
 1 |  100   | 9.74542E-01 | 9.69780E-01 | 6.99857E-01 | 6.25275E-01 | 1.30396E-01 
 2 |  150   | 9.74725E-01 | 9.74725E-01 | 7.53538E-01 | 6.25275E-01 | 1.56165E-01 
 3 |  200   | 9.74725E-01 | 9.74725E-01 | 8.34319E-01 | 6.25275E-01 | 1.52626E-01 
 4 |  250   | 9.74725E-01 | 9.74725E-01 | 9.45319E-01 | 7.96154E-01 | 3.18183E-02 
 5 |  300   | 9.74725E-01 | 9.74725E-01 | 9.51084E-01 | 8.73993E-01 | 2.22437E-02 
 6 |  350   | 9.74725E-01 | 9.74725E-01 | 9.42344E-01 | 6.25275E-01 | 6.78664E-02 
 7 |  400   | 9.74725E-01 | 9.74725E-01 | 9.28963E-01 | 6.25275E-01 | 9.12569E-02 
 8 |  450   | 9.74725E-01 | 9.74725E-01 | 9.47396E-01 | 6.25275E-01 | 6.68796E-02 
 9 |  500   | 9.74725E-01 | 9.74725E-01 | 9.44465E-01 | 6.25275E-01 | 6.75292E-02 
 10|  550   | 9.74725E-01 | 9.74725E-01 | 9.44429E-01 | 6.25275E-01 | 6.62672E-02 
 11|  600   | 9.74725E-01 | 9.74725E-01 | 9.36443E-01 | 6.25275E-01 | 7.96977E-02 
 12|  650   | 9.74725E-01 | 9.74725E-01 | 9.51930E-01 | 6.25275E-01 | 4.82395E-02 
评价次数：650
时间已过 41.207765102386475 秒
最优的目标函数值为：0.9747252747252747
最优的控制变量值为：
256.0
0.00390625
测试集数据分类正确率 = 98.83040935672514%
验证集查准率: 100.00%
验证集查全率: 96.83%
验证集F1值: 98.39%